%Matrix A definition
A = [ 5 4 6 3;
    17 8 39 10;
    25 7 63 7;
    9 47 5 36];
%Matrix B definiton
B = [ 12 5 17 61;
    1 32 71 6;
    21 41 32 12;
    12 41 31 10];
%Performing Addition and Output
C = A + B

